4
34
3443
45
5
6
6
3
5454
565
56
6
77
87
88
89
98
923
34
45
5
566
7
67
6
7
67
77
4
3
43
4
44
5656
6576
767
67
344
234
3432
34
1
2
33
0
3
3442
2
23
2133243
45454
4
43423
232
3222132
32333
6
6
1
3
56
889
5543534
43
4343
3
32
343
243
23432
423
23
432
423
4
23
432
432
32
43
34
32
23
432
4
45
323
43
434
3
24
34
3
4
3243
24
3423
2
4
767
343
45
6
565
767674
545
56
76
67
8
8966
343
434
54
5
5
665
667
78
782
323
3243
4
4
54
5
65
657
6
7
68
7
8
78
9
89
89
89
8989
23
23
2
22
24
4
34
343
43
3
35435
4354
64654
6546
5575
65
54
54
44
43
4544
4
4
44
21323
232
4343543
5435454
54
5
4545
45
45
45
4
4656768
76
8787
23
43
455657
67
8
78423
2134
345
567878
5
6
77
67
32456
77
45
543
65565
6676
7
342
336576
7
234
3
45654
6
57
56
23
2134
345
45645
34
32132
43545
4
4324
35
45
54
4543
5
324
34
43354
5
65
6
7
67
67
5
34
43
4545
6546
544
43
3
54
5
676
76
7