666
31 26
45 2
16 89
37 28
28 12
70 104
83 37
29 23
4 109
54 62
98 115
51 43
79 85
22 88
105 81
91 35
17 67
112 23
112 45
94 4
5 109
64 65
114 100
108 64
13 32
85 52
6 8
12 96
25 32
129 25
19 54
112 111
104 50
21 127
61 123
104 107
41 113
15 95
125 86
7 75
115 25
97 40
16 53
118 113
97 50
72 21
31 105
43 39
4 113
80 123
84 126
67 71
49 61
85 46
24 77
84 95
19 25
68 61
76 5
29 50
57 56
80 113
118 113
99 23
82 85
58 110
101 27
9 29
22 116
56 127
18 12
114 26
8 124
4 90
81 8
111 12
114 117
32 127
46 103
57 72
129 65
17 64
101 87
25 107
59 62
113 52
73 57
117 126
75 22
62 104
85 125
19 48
44 87
113 57
56 118
61 79
22 15
94 46
54 54
69 96
122 96
120 47
59 117
98 123
71 99
107 15
18 10
42 89
66 38
38 4
79 97
29 83
89 85
32 44
119 83
32 35
87 12
37 77
118 91
97 120
31 118
83 60
21 29
54 98
120 4
22 14
70 92
51 55
104 82
124 58
43 49
59 36
97 62
36 5
26 61
74 17
41 47
126 128
125 66
73 79
58 97
70 120
78 45
84 12
119 116
18 91
101 113
52 102
71 61
75 70
111 35
48 46
35 105
58 79
52 60
108 61
51 121
60 52
31 25
108 106
48 3
89 29
126 90
18 45
103 68
77 6
49 46
47 37
19 33
125 106
113 105
15 98
71 109
8 70
127 52
18 83
23 99
111 71
91 78
33 16
49 38
18 111
97 23
128 14
83 39
44 74
100 1
35 2
36 1
45 28
34 64
58 121
38 121
7 81
111 87
111 15
110 25
60 38
103 75
89 33
114 66
93 78
86 65
3 14
118 46
59 111
16 13
32 72
57 120
55 117
123 49
22 30
23 12
81 18
118 45
70 90
127 52
120 25
39 34
98 7
102 56
16 23
125 35
111 90
115 51
53 4
115 103
13 3
8 7
46 121
79 119
115 8
116 26
123 92
101 79
73 62
99 66
103 108
38 3
28 87
66 119
51 66
27 58
95 29
111 94
90 66
122 75
3 90
90 31
11 2
48 8
64 99
78 124
80 119
30 11
105 11
92 78
86 102
12 46
105 69
52 51
42 15
8 93
87 68
56 26
20 3
36 128
40 65
125 77
39 83
32 18
114 86
126 83
114 43
101 21
86 128
10 85
72 52
74 49
113 14
64 12
42 104
37 98
25 87
79 78
54 103
110 84
8 14
126 45
47 13
12 33
124 107
6 105
73 104
92 14
102 97
26 109
117 33
110 59
44 67
71 93
109 85
20 86
99 44
123 99
65 34
101 119
123 60
98 108
30 15
60 93
112 9
19 18
11 25
54 117
56 84
50 122
80 76
109 72
46 56
47 101
124 69
128 44
87 26
44 50
67 126
32 1
30 93
62 92
117 36
89 117
98 128
68 43
86 81
84 88
102 53
118 26
24 7
86 54
82 4
119 80
102 26
13 12
17 102
53 37
41 44
50 6
123 49
37 110
117 64
123 41
58 38
30 50
94 73
77 106
26 28
49 60
113 4
79 94
45 106
84 75
101 88
69 66
50 61
85 61
109 35
113 51
60 34
25 4
112 80
95 87
78 43
102 17
64 25
32 62
37 43
113 68
18 20
33 51
2 4
123 14
118 101
112 84
114 115
39 90
13 60
43 36
78 79
14 124
89 28
78 59
30 39
28 24
40 87
92 3
116 81
84 38
118 67
83 123
45 64
69 107
78 15
32 59
28 120
44 34
28 71
46 92
87 99
9 114
104 62
111 55
15 126
10 112
128 81
57 88
115 128
72 28
83 72
104 38
16 87
115 123
60 62
52 68
119 123
61 81
86 88
124 28
82 83
115 82
68 103
82 53
60 42
50 16
52 51
31 13
100 93
41 77
93 34
23 62
103 48
3 98
44 6
93 58
109 38
69 93
72 28
71 82
113 104
33 25
16 44
5 3
76 108
20 20
28 87
8 76
55 72
59 57
80 98
60 52
29 59
117 93
83 94
15 47
27 47
54 24
41 22
35 90
75 81
38 111
64 90
38 125
52 61
78 73
78 35
84 102
84 6
16 97
27 109
107 64
112 115
124 35
106 61
7 51
46 55
111 94
124 74
15 125
101 15
20 50
70 116
127 113
84 30
87 44
18 37
104 123
50 24
116 57
90 75
49 7
76 95
92 36
39 118
112 22
107 86
25 37
59 21
63 7
87 3
16 79
18 19
39 85
36 17
79 33
107 53
83 14
32 94
79 2
4 89
71 37
93 25
32 21
12 50
36 12
67 80
38 109
2 102
56 60
102 44
34 72
129 109
95 51
25 32
27 12
38 2
91 127
4 110
74 113
75 88
41 49
85 119
6 80
11 59
129 102
74 39
119 83
33 64
2 83
76 75
66 128
121 14
66 59
65 15
67 7
35 29
101 101
107 43
88 69
60 84
118 115
23 49
50 113
91 94
36 80
3 62
53 88
2 94
9 71
93 11
110 65
67 127
43 119
62 114
124 30
80 49
83 109
117 60
27 114
27 15
128 15
126 52
59 128
72 55
51 69
120 74
36 103
17 114
107 58
74 30
117 88
114 39
114 1
10 55
71 1
79 92
98 92
67 95
84 72
120 57
50 61
68 54
63 80
70 122
30 101
62 29
105 11
96 126
97 112
46 72
76 116
73 28
32 44
27 111
19 116
19 105
113 85
113 123
43 12
10 107
38 89
111 95
61 91
14 125
94 20
74 107
47 90
57 20
129 104
36 44
58 69
106 88
23 46
7 64
22 93
91 51
33 30
27 36
21 79
22 95
40 88
4 75
125 108
75 88
87 70
35 101
62 27
79 30
124 82
84 33
14 126
38 35
9 102
61 49
3 117
30 97
2 117
90 113
2 71
27 113
120 26
95 30
54 68
99 4
72 69
88 46
120 98
127 9
